Test Accuracy: 0.9672

              precision    recall  f1-score   support

           0       0.89      0.89      0.89        61
           1       1.00      0.60      0.75         5
           2       1.00      0.99      0.99        88
           3       0.99      1.00      0.99        87
           4       0.86      0.60      0.71        10
           5       0.83      0.91      0.87        44
           6       0.94      0.97      0.96        34
           7       0.98      0.98      0.98        53
           8       1.00      1.00      1.00        46
           9       1.00      1.00      1.00         8
          10       0.99      1.00      1.00       214
          11       1.00      0.88      0.93         8
          12       0.96      1.00      0.98        51
          13       0.90      0.95      0.92        84
          14       1.00      0.88      0.94        17
          15       1.00      0.82      0.90        11
          16       1.00      0.94      0.97        16
          17       1.00      0.90      0.95        21
          18       1.00      1.00      1.00        38
          19       1.00      0.86      0.92         7
          20       1.00      0.71      0.83         7
          21       1.00      1.00      1.00         3
          22       1.00      1.00      1.00        25
          23       0.98      1.00      0.99        90
          24       1.00      1.00      1.00        13
          25       1.00      0.75      0.86         4
          26       0.95      1.00      0.97        19
          27       1.00      0.88      0.93         8
          28       1.00      0.88      0.93         8
          29       1.00      0.83      0.91         6
          30       1.00      1.00      1.00        18
          31       1.00      0.88      0.93         8
          32       1.00      0.98      0.99        45
          33       1.00      1.00      1.00         5
          34       1.00      1.00      1.00        15
          35       1.00      1.00      1.00        15
          36       1.00      1.00      1.00         8
          37       1.00      1.00      1.00         5
          38       0.97      1.00      0.99        39
          39       0.95      0.94      0.95        88
          40       0.92      0.97      0.94        34
          41       0.89      0.97      0.93        61
          42       1.00      1.00      1.00         4
          43       0.78      1.00      0.88         7
          44       1.00      1.00      1.00         1
          45       1.00      0.97      0.99        36
          46       1.00      1.00      1.00        83
          47       1.00      1.00      1.00         5
          48       1.00      1.00      1.00         6
          49       1.00      1.00      1.00        46
          50       0.96      0.86      0.91        29
          51       1.00      1.00      1.00         1

    accuracy                           0.97      1645
   macro avg       0.98      0.94      0.95      1645
weighted avg       0.97      0.97      0.97      1645
