Random Forest Evaluation
========================

Accuracy: 0.9641337386018237
Accuracy percent: 96.41%

Classification Report:
              precision    recall  f1-score   support

           0     0.9344    0.9344    0.9344        61
           1     1.0000    0.4000    0.5714         5
           2     0.9778    1.0000    0.9888        88
           3     0.9886    1.0000    0.9943        87
           4     1.0000    0.6000    0.7500        10
           5     0.9556    0.9773    0.9663        44
           6     0.9444    1.0000    0.9714        34
           7     0.9811    0.9811    0.9811        53
           8     1.0000    1.0000    1.0000        46
           9     1.0000    1.0000    1.0000         8
          10     0.9640    1.0000    0.9817       214
          11     1.0000    0.7500    0.8571         8
          12     0.9623    1.0000    0.9808        51
          13     0.8936    1.0000    0.9438        84
          14     1.0000    0.8824    0.9375        17
          15     1.0000    0.8182    0.9000        11
          16     1.0000    0.8125    0.8966        16
          17     1.0000    0.9048    0.9500        21
          18     0.9500    1.0000    0.9744        38
          19     1.0000    0.8571    0.9231         7
          20     1.0000    0.8571    0.9231         7
          21     1.0000    1.0000    1.0000         3
          22     0.9615    1.0000    0.9804        25
          23     0.9574    1.0000    0.9783        90
          24     1.0000    0.9231    0.9600        13
          25     1.0000    0.7500    0.8571         4
          26     1.0000    1.0000    1.0000        19
          27     1.0000    0.8750    0.9333         8
          28     1.0000    1.0000    1.0000         8
          29     1.0000    0.8333    0.9091         6
          30     1.0000    1.0000    1.0000        18
          31     1.0000    0.8750    0.9333         8
          32     1.0000    0.9778    0.9888        45
          33     1.0000    1.0000    1.0000         5
          34     1.0000    1.0000    1.0000        15
          35     0.8824    1.0000    0.9375        15
          36     0.8889    1.0000    0.9412         8
          37     1.0000    1.0000    1.0000         5
          38     1.0000    0.9744    0.9870        39
          39     0.8830    0.9432    0.9121        88
          40     0.9091    0.8824    0.8955        34
          41     0.9623    0.8361    0.8947        61
          42     1.0000    1.0000    1.0000         4
          43     1.0000    1.0000    1.0000         7
          44     0.0000    0.0000    0.0000         1
          45     1.0000    0.9722    0.9859        36
          46     1.0000    0.9880    0.9939        83
          47     1.0000    1.0000    1.0000         5
          48     1.0000    1.0000    1.0000         6
          49     1.0000    1.0000    1.0000        46
          50     0.9630    0.8966    0.9286        29
          51     0.0000    0.0000    0.0000         1

    accuracy                         0.9641      1645
   macro avg     0.9415    0.8943    0.9124      1645
weighted avg     0.9645    0.9641    0.9625      1645
